11112111
22122212
22122122
22222112
22122212
22122222
22212212
22122212
22212222
21221222
12221222
22222222
22222232
22322221
22222212
23222323
23232222
22222222
21222122
21222222
22222222
22322232
22222222
22222232
22222232
22333232
22223232
32323222
22222211
22212221
22211122
22221222
23232223
23222222
22222232
32323232
32212222
22121222
12221222
11222222
22222223
23232322
23332322
23232323
23232223
23232222
22222322
23222222
22212212
22122212
22222222
22222232
32323232
21222222
12232223
23232322
22222222
22212221
22212222
22222222
22322222
32322223
33322232
32323232
32233332
33222232
22323232
22222222
21222122
21222121
22222212
22232322
23232222
22222222
32323232
32322122
22221212
22122212
22122222
22222223
23222323
22223223
22222323
22232322
33333332
22232322
23232222
22222222
12221222
12222222
22222222
22322232
32212222
22122322
23232323
22222222
22222122
21222122
22222222
22223232
32323222
22333222
32323232
32322333
32332222
32323222
32222222
22112221
22212221
21222222
12222323
23232322
22222222
22323232
32323221
22222212
12221222
12221222
22222222
23232323
23222333
33222323
23232322
22333333
32222323
23232222
22222221
22122212
22122222
22222222
22323232
32322122
22221223
23232323
23222222
22222221
22212221
22222222
22222232
32323232
22223333
22323232
32323223
33333322
22323232
32322222
22222122
21222122
21212222
22122223
23232323
22222222
22223232
32323232
21222222
12122212
22122211
22222222
22232323
23232223
33332223
23232323
23223333
33222223
23232323
22222222
22221222
12221222
22222222
22223232
32323221
22222212
23222323
23232222
22222222
21222122
21222222
22222222
32322232
32222233
32223232
32323232
23333333
22223232
32323222
22222221
22212221
22212122
22221222
23232223
23222222
22222232
32323232
32212222
22121222
12221222
12222222
22222323
23232322
23333332
23232323
23232233
33333222
23232323
23222222
22222212
22122212
22222222
22222232
32323232
21222222
12232323
23232322
22222222
22212221
22212222
22222222
22323232
32322222
33332232
32323232
32233333
33222232
32323232
22222222
11222122
21222121
22222212
22232323
23232222
22222222
32323232
32322122
22221212
22122212
22122222
22222223
23232323
22233333
22232323
23232322
33333332
22232323
23232222
22222122
12221222
12222222
22222222
32323232
32212222
22122323
23232323
22222222
22222122
21222122
22222222
22223232
32323222
22333222
32323232
32322333
33332222
32323232
32222222
22112221
22212221
11222222
12222323
23232322
22222222
22323232
32323221
22222212
12221222
12221222
22222222
23232323
23222333
33322323
23232323
22333333
32222323
23232322
22222221
22122212
22122222
22222222
22323232
32322122
22221223
23232323
23222222
22222221
22212221
22222222
22222232
32223232
22223333
22323232
32323223
33233322
22323232
32322222
22221122
21222122
21212222
22122223
23222323
22222222
22223232
32323232
21222222
12122212
22122212
22222222
22232323
23232223
33333223
23232323
23223333
33322323
23232323
22222222
21221222
12221222
22222222
22223232
32323221
22222212
23232323
23232222
22222222
21222122
21222222
22222222
32323232
32222333
32223232
32323232
23333333
22223232
32323222
22222221
22212221
22212122
22221222
23232323
23222222
22222232
32323232
32212222
22121222
12221222
12222222
22222323
23232322
23233322
23232323
23232233
33333222
23232323
23222222
22222212
22122212
22222222
22222232
32323232
21222222
12232223
23232322
22222222
22212221
22212222
22222222
22323232
32322233
33332232
32323232
32233333
33223232
32323232
22222222
11222122
21222121
22222212
22232323
23232222
22222222
32323232
32322122
22221212
22122212
22122222
22222223
23232323
22233333
32232323
23232322
33333332
22232323
23232222
22222122
12221222
12222222
22222222
32323232
32212222
22122322
23232323
22222222
22222122
21222122
22222222
22223232
32323222
33333322
32323232
32322333
33332232
32323232
32222222
22112221
22212221
21222222
12222323
23232322
22222222
22323232
32323221
22222212
12221222
12221222
22222222
23232223
23222333
33222323
23232323
22333333
32222323
23232322
22222221
22122212
22122222
22222222
22323222
32322122
22221223
22232323
23222222
22222221
22212221
22222222
22222232
32323232
22333333
22323232
32323223
33333322
32323232
32322222
22221122
21222122
21212222
22122223
23232323
22222222
22223232
32323232
21222222
12122212
22122212
22222222
22232323
23232223
33333223
23232323
23223333
33322323
23232323
22222222
21221222
12221222
22222222
22223232
32323221
22222212
23232323
23232222
22222222
21222122
21222222
22222222
32323232
32223333
33223232
32323232
23333333
22323232
32323222
22222211
22212221
22212122
22221222
23232323
23222222
22222232
32323232
32212222
22121222
12221222
12222222
22222323
23232322
23333332
23232323
23232233
33333222
23232323
23222222
22212212
22122212
22222222
22222222
32323232
21222222
12232223
23232322
22222222
22212221
22212222
22222222
22323232
32322223
33332232
32323232
32233333
33222232
32323232
22222222
21222122
21222121
22222212
22232323
23232222
22222222
32323232
32322122
22221212
22122212
22122222
22222223
23232323
22233333
32232323
23232322
33333332
23232323
23232222
22222222
12221222
12222222
22222222
32323232
32212222
22122323
23232323
22222222
22222122
21222122
22222222
22223232
32323222
33333322
32323232
32322333
33332232
32323232
32222222
22112221
22212221
21222222
12222323
23232322
22222222
22323232
32323221
22222212
12221222
12221222
22222222
23232323
23222333
33322323
23232323
22333333
32232323
23232322
22222221
22122212
22122222
22222222
22323232
32322122
22221223
23232323
23222222
22222221
22212221
22222222
22222232
32323232
22233333
22323232
32323223
33333322
32323232
32322222
22222122
21222122
21212222
22122223
23232323
22222222
22223232
32323232
21222222
12122212
22122212
22222222
22232323
23232223
33333223
23232323
23223333
33322323
23232323
22222222
22221222
12221222
22222222
22223232
32323221
22222212
23232323
23232222
22222222
21222122
21222222
22222222
32323232
32223333
33223232
32323232
23333333
22323232
32323222
22222211
22212221
22212122
22221222
23232323
23222222
22222232
32323232
32212222
22121222
12221222
12222222
22222323
23232322
23333332
23232323
23232233
33333223
23232323
23222222
22212212
22122212
22222222
22222232
32323232
21222222
12232323
23232322
22222222
22212221
22212222
22222222
22323222
32322233
33332232
32323232
32233333
33223232
32323232
22222222
11222122
21222121
22222212
22232323
23232222
22222222
32323232
32322122
22221212
22122212
22122222
22222323
23232323
22333333
32232323
23232322
33333332
23232323
23232222
22222122
12221222
12222222
22222222
32323232
32212222
22122323
23232323
22222222
22222122
21222122
22222222
22323232
32323223
33333322
32323232
32322333
33332232
32323232
32222222
22212221
22212221
21222222
12222323
23232322
22222222
22323232
32323221
22222212
12221222
12221222
22222223
23232323
23223333
33322323
23232323
22333333
32232323
23232322
22222222
22122212
22122222
22222222
22323232
32322122
22221223
22232323
23222222
22222221
22212221
22222222
22223232
32323232
23333333
22323232
32323223
33333322
32323232
32322222
22221122
21222122
21212222
22122223
23232323
22222222
22223232
32323232
21222222
12122212
22122212
22222222
23232323
23232233
33333223
23232323
23223333
33322323
23232323
22222222
21221222
12221222
22222222
22223232
32323221
22222212
23222323
23232222
22222222
21222122
21222222
22222232
32323232
32233333
33223232
32323232
23333333
22323232
32323222
22222211
22212221
22212122
22221222
23232323
23222222
22222232
32323232
32212222
22121222
12221222
12222222
22232323
23232322
33333332
23232323
23232233
33333223
23232323
23222222
22212212
22122212
22222222
22223232
32323232
21222222
12232323
23232322
22222222
22212221
22212222
22222222
32323232
32322333
33332232
32323232
32233333
33223232
32323232
22222222
11222122
21222121
22222212
22232323
23232222
22222222
32323232
32322122
22221212
22122212
22122222
22222323
23232323
22333333
32232323
23232322
33333332
23232323
23232222
22222122
12221222
12222222
22222222
32323232
32212222
22122323
23232323
22222222
22222122
21222122
22222222
22323232
32323223
33333322
32323232
32322333
33332232
32323232
32222222
22112221
22212221
21222222
12222323
23232322
22222222
22323232
32323221
22222212
12221222
12221222
22222223
23232323
23223333
33322323
23232323
22333333
32232323
23232322
22222221
22122212
22122222
22222222
22323232
32322122
22221223
23232323
23222222
22222221
22212221
22222222
22222122
21222122
22222222
21222122
21222122
22222222
21222122
21222222
22221111