11112111221222122212212222222112
22122212221222222221221222122212
22212222212212221222122222222222
22222232223222212222221223222323
23232222222222222122212221222222
22222222223222322222222222222232
22222232223332322222323232323222
22222211222122212221112222221222
23232223232222222222223232323232
32212222221212221222122211222222
22222223232323222333232223232323
23232223232322222222232223222222
22212212221222122222222222222232
32323232212222221223222323232322
22222222222122212221222222222222
22322222323222233332223232323232
32233332332222322232323222222222
21222122212221212222221222232322
23232222222222223232323232322122
22221212221222122212222222222223
23222323222232232222232322232322
33333332222323222323222222222222
12221222122222222222222222322232
32212222221223222323232322222222
22222122212221222222222222223232
32323222223332223232323232322333
32332222323232223222222222112221
22212221212222221222232323232322
22222222223232323232322122222212
12221222122212222222222223232323
23222333332223232323232222333333
32222323232322222222222122122212
22122222222222222232323232322122
22221223232323232322222222222221
22212221222222222222223232323232
22223333223232323232322333333322
22323232323222222222212221222122
21212222221222232323232322222222
22223232323232322122222212122212
22122211222222222223232323232223
33332223232323232322333333222223
23232323222222222222122212221222
22222222222232323232322122222212
23222323232322222222222221222122
21222222222222223232223232222233
32223232323232322333333322223232
32323222222222212221222122212122
22221222232322232322222222222232
32323232322122222212122212221222
12222222222223232323232223333332
23232323232322333333322223232323
23222222222222122212221222222222
22222232323232322122222212232323
23232322222222222221222122212222
22222222223232323232222233332232
32323232322333333322223232323232
22222222112221222122212122222212
22232323232322222222222232323232
32322122222212122212221222122222
22222223232323232223333322232323
23232322333333322223232323232222
22222122122212221222222222222222
32323232322122222212232323232323
22222222222221222122212222222222
22223232323232222233322232323232
32322333333322223232323232222222
22112221222122211122222212222323
23232322222222222232323232323221
22222212122212221222122222222222
23232323232223333332232323232323
22333333322223232323232222222221
22122212221222222222222222323232
32322122222212232323232323222222
22222221222122212222222222222232
32223232222233332232323232323223
33233322223232323232222222221122
21222122212122222212222323222323
22222222222232323232323221222222
12122212221222122222222222232323
23232223333332232323232323223333
33322323232323232222222221221222
12221222222222222222323232323221
22222212232323232323222222222222
21222122212222222222222232323232
32222333322232323232323223333333
22223232323232222222222122212221
22212122222212222323232323222222
22222232323232323221222222121222
12221222122222222222232323232322
23233322232323232323223333333222
23232323232222222222221222122212
22222222222222323232323221222222
12232223232323222222222222212221
22212222222222222232323232322233
33332232323232323223333333223232
32323232222222221122212221222121
22222212222323232323222222222222
32323232323221222222121222122212
22122222222222232323232322233333
32232323232323223333333222232323
23232222222221221222122212222222
22222222323232323221222222122322
23232323222222222222212221222122
22222222222232323232322233333322
32323232323223333333223232323232
32222222221122212221222121222222
12222323232323222222222222323232
32323221222222121222122212221222
22222222232322232322233333222323
23232323223333333222232323232322
22222221221222122212222222222222
22323222323221222222122322232323
23222222222222212221222122222222
22222232323232322233333322323232
32323223333333223232323232322222
22221122212221222121222222122223
23232323222222222222323232323232
21222222121222122212221222222222
22232323232322233333322323232323
23223333333223232323232322222222
21221222122212222222222222223232
32323221222222122323232323232222
22222222212221222122222222222222
32323232322233333322323232323232
23333333223232323232322222222211
22212221222121222222122223232323
23222222222222323232323232212222
22121222122212221222222222222323
23232322233333322323232323232233
33333222232323232322222222212212
22122212222222222222222232323232
21222222122322232323232222222222
22212221222122222222222222323232
32322223333322323232323232233333
33222232323232322222222221222122
21222121222222122223232323232222
22222222323232323232212222221212
22122212221222222222222323232323
22233333322323232323232233333332
23232323232322222222222212221222
12222222222222223232323232212222
22122323232323232222222222222122
21222122222222222222323232323222
33333322323232323232233333332232
32323232322222222211222122212221
21222222122223232323232222222222
22323232323232212222221212221222
12221222222222222323232323222333
33322323232323232233333332232323
23232322222222212212221222122222
22222222223232323232212222221223
23232323232222222222222122212221
22222222222222323232323222233333
22323232323232233333332232323232
32322222222221222122212221212222
22122223232323232222222222223232
32323232212222221212221222122212
22222222222323232323222333333223
23232323232233333332232323232323
22222222222212221222122222222222
22223232323232212222221223232323
23232222222222222122212221222222
22222222323232323222333333223232
32323232233333332232323232323222
22222211222122212221212222221222
23232323232222222222223232323232
32212222221212221222122212222222
22222323232323222333333223232323
23232233333332232323232323222222
22212212221222122222222222222232
32323232212222221223232323232322
22222222222122212221222222222222
22323222323222333333223232323232
32233333332232323232323222222222
11222122212221212222221222232323
23232222222222223232323232322122
22221212221222122212222222222323
23232323223333333223232323232322
33333332232323232323222222222122
12221222122222222222222232323232
32212222221223232323232322222222
22222122212221222222222222323232
32323223333333223232323232322333
33332232323232323222222222212221
22212221212222221222232323232322
22222222223232323232322122222212
12221222122212222222222323232323
23223333333223232323232322333333
32232323232323222222222222122212
22122222222222222232323232322122
22221223222323232322222222222221
22212221222222222222323232323232
23333333223232323232322333333322
32323232323222222222112221222122
21212222221222232323232322222222
22223232323232322122222212122212
22122212222222222323232323232233
33333223232323232322333333322323
23232323222222222122122212221222
22222222222232323232322122222212
23222323232322222222222221222122
21222222222222323232323232233333
33223232323232322333333322323232
32323222222222112221222122212122
22221222232323232322222222222232
32323232322122222212122212221222
12222222222323232323232233333332
23232323232322333333322323232323
23222222222122122212221222222222
22223232323232322122222212232323
23232322222222222221222122212222
22222222323232323232233333332232
32323232322333333322323232323232
22222222112221222122212122222212
22232323232322222222222232323232
32322122222212122212221222122222
22222323232323232233333332232323
23232322333333322323232323232222
22222122122212221222222222222222
32323232322122222212232323232323
22222222222221222122212222222222
22323232323232233333332232323232
32322333333322323232323232222222
22112221222122212122222212222323
23232322222222222232323232323221
22222212122212221222122222222223
23232323232233333332232323232323
22333333322323232323232222222221
22122212221222222222222222323232
32322122222212232323232323222222
22222221222122212222222222222122
21222122222222222122212221222122
22222222212221222122222222221111
11111111111111111111111111111111